40 10 1 2 3 22 12 2022 droit
40 10 1 2 3 22 12 2022 droit
40 10 1 2 3 22 12 2022 droit
40 10 1 2 3 22 12 2022 droit
40 10 1 2 3 22 12 2022 droit
40 10 1 2 3 22 12 2022 droit
40 10 1 2 3 22 12 2022 droit
40 10 1 2 3 22 12 2022 droit
0 34 40 11 22 23 12 2022 centre
77 40 13 11 12 22 12 2022 gauche
88 90 14 11 12 22 12 2022 droit
40 10 1 2 3 22 12 2022 droit
0 34 40 11 22 23 12 2022 centre
77 40 13 11 12 22 12 2022 gauche
88 90 14 11 12 22 12 2022 droit
40 10 1 2 3 22 12 2022 droit
0 34 40 11 22 23 12 2022 centre
77 40 13 11 12 22 12 2022 gauche
88 90 14 11 12 22 12 2022 droit
